FE[0]=4,3,3,1
FE[1]=5,8,9,1
FE[2]=3,8,5,1
FE[3]=5,6,3,4
FE[4]=2,1,4,2
FC=13,7,6,7,12,11,15,4,8,13,14,5,13,15,12,6,4,3,13,4
FC=9,5,5,9,11,8,12,10,13,14,19,15,20,22,23,17,18,19,27,21
FC=9,5,5,9,11,8,12,10,13,14,19,15,20,22,23,17,18,19,27,21
FC=13,7,6,7,12,11,15,4,8,13,14,5,13,15,12,6,4,3,13,4
FC=9,5,5,9,11,8,12,10,13,14,19,15,20,22,23,17,18,19,27,21
FC=9,5,5,9,11,8,12,10,13,14,19,15,20,22,23,17,18,19,27,21
FC=13,7,6,7,12,11,15,4,8,13,14,5,13,15,12,6,4,3,13,4
FC=9,5,5,9,11,8,12,10,13,14,19,15,20,22,23,17,18,19,27,21
FC=9,5,5,9,11,8,12,10,13,14,19,15,20,22,23,17,18,19,27,21
