result=1
result=2
result=4
result=2
fresult=1
fresult=2
fresult=4
fresult=2
result=-120
result=8
result=-120
result=-120
result=-120
result=4
result=4
result=4
fresult=-150
fresult=8
fresult=-125
fresult=-125
fresult=-125
fresult=4
fresult=4
fresult=4
D=7,4,7,8,8,8,4,8,9,7,4,7,4,2,4,8,9,6,6,2
B=3,8,4,7,4,2,8,6,9,7,2,2,7,9,6,4,8,1,4,8
D=4,4,4,9,4,4,4,7,4,4,4,9,6,1,6,2,6,1,6,2
C[0]=3,8,4,7
C[1]=4,2,1,6
C[2]=9,7,4,4
C[3]=7,9,4,4
C[4]=8,1,4,8
D=7,4,7,8,6,1,6,2,4,4,4,7,4,4,4,9,8,4,8,1
C[0]=3,8,4,7
C[1]=4,2,1,6
C[2]=9,7,4,4
C[3]=7,9,4,4
C[4]=8,1,4,8
D=7,9,4,4,9,7,4,4,7,9,4,4,4,2,1,6,4,2,1,6
C[0]=3,8,4,7
C[1]=4,2,1,6
C[2]=9,7,4,4
C[3]=7,9,4,4
C[4]=8,1,4,8
FC=7,4,7,8,8,8,4,8,9,7,4,7,4,2,4,8,9,6,6,2
FB=3,8,4,7,4,2,8,6,9,7,2,2,7,9,6,4,8,1,4,8
FC=4,4,4,9,4,4,4,7,4,4,4,9,6,1,6,2,6,1,6,2
FE[0]=3,8,4,7
FE[1]=4,2,1,6
FE[2]=9,7,4,4
FE[3]=7,9,4,4
FE[4]=8,1,4,8
FC=7,4,7,8,6,1,6,2,4,4,4,7,4,4,4,9,8,4,8,1
FE[0]=3,8,4,7
FE[1]=4,2,1,6
FE[2]=9,7,4,4
FE[3]=7,9,4,4
FE[4]=8,1,4,8
FC=7,9,4,4,9,7,4,4,7,9,4,4,4,2,1,6,4,2,1,6
FE[0]=3,8,4,7
FE[1]=4,2,1,6
FE[2]=9,7,4,4
FE[3]=7,9,4,4
FE[4]=8,1,4,8
D=7,154,164,159,162,169,165,168,166,161,4,4,4,2,1,6,4,2,1,6
D=7,4,6,7,7,8,4,4,8,2,4,4,4,2,1,6,4,2,1,6
B=3,8,4,7,4,2,8,6,9,7,2,2,7,9,6,4,8,1,4,8
C[0]=3,8,4,7
C[1]=4,169,167,168
C[2]=9,157,155,156
C[3]=7,161,159,160
C[4]=8,1,4,8
C[0]=3,153,151,152
C[1]=4,157,155,156
C[2]=9,161,159,160
C[3]=7,165,163,164
C[4]=8,169,167,168
C[0]=3,153,151,152
C[1]=166,167,168,169
C[2]=154,155,156,157
C[3]=158,159,160,161
C[4]=8,169,167,168
C[0]=3,153,151,152
C[1]=166,8,1,4
C[2]=154,6,2,8
C[3]=158,2,7,2
C[4]=8,169,167,168
C[0]=3,7,8,4
C[1]=166,6,2,8
C[2]=154,2,7,2
C[3]=158,4,9,6
C[4]=8,8,1,4
C[0]=3,7,8,4
C[1]=8,1,4,8
C[2]=4,2,8,6
C[3]=9,7,2,2
C[4]=8,8,1,4
FC=7,164,174,169,172,179,175,178,176,171,4,4,4,2,1,6,4,2,1,6
FC=7,4,6,7,7,8,4,4,8,2,4,4,4,2,1,6,4,2,1,6
FE[0]=3,8,4,7
FE[1]=4,179,177,178
FE[2]=9,167,165,166
FE[3]=7,171,169,170
FE[4]=8,1,4,8
FE[0]=3,163,161,162
FE[1]=4,167,165,166
FE[2]=9,171,169,170
FE[3]=7,175,173,174
FE[4]=8,179,177,178
FE[0]=3,163,161,162
FE[1]=176,177,178,179
FE[2]=164,165,166,167	
FE[3]=168,169,170,171
FE[4]=8,179,177,178
FE[0]=3,163,161,162
FE[1]=176,8,1,4
FE[2]=164,6,2,8
FE[3]=168,2,7,2
FE[4]=8,179,177,178
FE[0]=3,7,8,4
FE[1]=176,6,2,8
FE[2]=164,2,7,2
FE[3]=168,4,9,6
FE[4]=8,8,1,4
FE[0]=3,7,8,4
FE[1]=8,1,4,8
FE[2]=4,2,8,6
FE[3]=9,7,2,2
FE[4]=8,8,1,4
FE[0]=3,7,8,4
FE[1]=176,177,178,179
FE[2]=164,165,166,167
FE[3]=168,169,170,171
FE[4]=8,8,1,4
